[gd_scene load_steps=8 format=2]

[ext_resource path="res://assets/materials/stone_grey_tighter.tres" type="Material" id=1]
[ext_resource path="res://assets/objects/boulder1.obj" type="ArrayMesh" id=2]
[ext_resource path="res://assets/materials/_physics/phx_roughstone.tres" type="PhysicsMaterial" id=3]

[sub_resource type="BoxShape" id=1]
extents = Vector3( 0.451357, 0.393137, 0.959512 )

[sub_resource type="BoxShape" id=2]
extents = Vector3( 0.387369, 0.276967, 0.83711 )

[sub_resource type="BoxShape" id=3]
extents = Vector3( 0.354533, 0.336083, 0.871838 )

[sub_resource type="BoxShape" id=4]
extents = Vector3( 0.246812, 0.50959, 0.942239 )

[node name="BoulderStatic" type="StaticBody"]
collision_layer = 11
collision_mask = 0
physics_material_override = ExtResource( 3 )

[node name="MeshInstance" type="MeshInstance" parent="."]
transform = Transform( 4.84155, 0, 0, 0, 4.84155, 0, 0, 0, 4.84155, 0, 0, 0 )
material_override = ExtResource( 1 )
mesh = ExtResource( 2 )
material/0 = null

[node name="CollisionShape" type="CollisionShape" parent="."]
transform = Transform( 0.939621, 0, -0.342217, 0, 1, 0, 0.342217, 0, 0.939621, -0.0673287, 0, -0.0928359 )
visible = false
shape = SubResource( 1 )

[node name="CollisionShape3" type="CollisionShape" parent="."]
transform = Transform( 0.379198, 0, 0.925316, 0, 1, 0, -0.925316, 0, 0.379198, -0.0673287, 0, -0.0336209 )
visible = false
shape = SubResource( 2 )

[node name="CollisionShape2" type="CollisionShape" parent="."]
transform = Transform( 0.367248, 0, -0.930123, 0, 1, 0, 0.930123, 0, 0.367248, -0.0488243, 0, -0.0151162 )
visible = false
shape = SubResource( 3 )

[node name="CollisionShape4" type="CollisionShape" parent="."]
transform = Transform( -0.922005, 0, -0.387178, 0, 1, 0, 0.387178, 0, -0.922005, -0.0932357, 0, -0.0484245 )
visible = false
shape = SubResource( 4 )
