[gd_scene load_steps=7 format=2]

[ext_resource path="res://assets/materials/stone_grey_tighter.tres" type="Material" id=1]
[ext_resource path="res://assets/objects/boulder0.obj" type="ArrayMesh" id=2]
[ext_resource path="res://assets/materials/_physics/phx_roughstone.tres" type="PhysicsMaterial" id=3]

[sub_resource type="BoxShape" id=1]
extents = Vector3( 0.822108, 0.393137, 1.20125 )

[sub_resource type="BoxShape" id=2]
extents = Vector3( 0.485162, 0.393137, 0.935863 )

[sub_resource type="BoxShape" id=3]
extents = Vector3( 0.455236, 0.393137, 0.107772 )

[node name="BoulderStatic" type="StaticBody"]
collision_layer = 11
collision_mask = 0
physics_material_override = ExtResource( 3 )

[node name="MeshInstance" type="MeshInstance" parent="."]
transform = Transform( 4.84155, 0, 0, 0, 4.84155, 0, 0, 0, 4.84155, 0, 0, 0 )
material_override = ExtResource( 1 )
mesh = ExtResource( 2 )
material/0 = null

[node name="CollisionShape" type="CollisionShape" parent="."]
transform = Transform( 1, 0, 0, 0, 1, 0, 0, 0, 1, -0.0451226, 0, -0.0706302 )
visible = false
shape = SubResource( 1 )

[node name="CollisionShape2" type="CollisionShape" parent="."]
transform = Transform( 0.879283, 0, -0.4763, 0, 1, 0, 0.4763, 0, 0.879283, -0.00464004, 0, 0.519259 )
visible = false
shape = SubResource( 2 )

[node name="CollisionShape4" type="CollisionShape" parent="."]
transform = Transform( 0.905198, 0, -0.42499, 0, 1, 0, 0.42499, 0, 0.905198, 0.307654, 0, -1.34872 )
visible = false
shape = SubResource( 3 )

[node name="CollisionShape5" type="CollisionShape" parent="."]
transform = Transform( 0.835482, 0, 0.549519, 0, 1, 0, -0.549519, 0, 0.835482, 0.307654, 0, 1.24216 )
visible = false
shape = SubResource( 3 )

[node name="CollisionShape3" type="CollisionShape" parent="."]
transform = Transform( 0.876164, 0, 0.482014, 0, 1, 0, -0.482014, 0, 0.876164, -0.00464004, 0, -0.637733 )
visible = false
shape = SubResource( 2 )
