[gd_scene load_steps=7 format=2]

[ext_resource path="res://assets/materials/wood_brown_bold.tres" type="Material" id=1]
[ext_resource path="res://src/race/BreakableLamp.gd" type="Script" id=2]
[ext_resource path="res://assets/materials/_physics/phx_basic.tres" type="PhysicsMaterial" id=3]
[ext_resource path="res://assets/objects/electricpole.obj" type="ArrayMesh" id=4]

[sub_resource type="BoxShape" id=1]
extents = Vector3( 0.0619424, 3.4549, 0.150585 )

[sub_resource type="BoxShape" id=2]
extents = Vector3( 0.696016, 0.301499, 0.297592 )

[node name="ElectricPole" type="StaticBody" groups=[
"breakables",
]]
collision_layer = 11
collision_mask = 0
physics_material_override = ExtResource( 3 )
script = ExtResource( 2 )
active = false

[node name="MeshInstance" type="MeshInstance" parent="."]
use_in_baked_light = true
mesh = ExtResource( 4 )
material/0 = ExtResource( 1 )

[node name="CollisionShape" type="CollisionShape" parent="."]
transform = Transform( 0.402092, 0, -0.915599, 0, 1, 0, 0.915599, 0, 0.402092, 0, 3.44589, 0 )
visible = false
shape = SubResource( 1 )

[node name="CollisionShape2" type="CollisionShape" parent="."]
transform = Transform( -0.924286, 0, -0.3817, 0, 1, 0, 0.3817, 0, -0.924286, 0, 3.44589, 0 )
visible = false
shape = SubResource( 1 )

[node name="CollisionShape3" type="CollisionShape" parent="."]
transform = Transform( -0.917574, 0, 0.397564, 0, 1, 0, -0.397564, 0, -0.917574, 0, 3.44589, 0 )
visible = false
shape = SubResource( 1 )

[node name="CollisionShape4" type="CollisionShape" parent="."]
transform = Transform( -0.366339, 0, -0.930481, 0, 1, 0, 0.930481, 0, -0.366339, 0, 3.44589, 0 )
visible = false
shape = SubResource( 1 )

[node name="CollisionShape5" type="CollisionShape" parent="."]
transform = Transform( 1, 0, 0, 0, 1, 0, 0, 0, 1, 0, 6.46331, 0 )
visible = false
shape = SubResource( 2 )
