[gd_scene load_steps=19 format=2]

[ext_resource path="res://assets/materials/skymetal_red.tres" type="Material" id=1]
[ext_resource path="res://assets/materials/skymetal_white_mild.tres" type="Material" id=2]
[ext_resource path="res://assets/materials/metal_truegrey.tres" type="Material" id=3]
[ext_resource path="res://assets/materials/window_house.tres" type="Material" id=4]
[ext_resource path="res://assets/materials/skymetal_grey.tres" type="Material" id=5]
[ext_resource path="res://assets/materials/_physics/phx_basic.tres" type="PhysicsMaterial" id=6]
[ext_resource path="res://assets/objects/skyscraper_da.obj" type="ArrayMesh" id=7]
[ext_resource path="res://assets/materials/metal_silver.tres" type="Material" id=8]
[ext_resource path="res://assets/materials/skymetal_white.tres" type="Material" id=9]

[sub_resource type="BoxShape" id=1]
extents = Vector3( 7.73662, 31.0636, 6.81417 )

[sub_resource type="BoxShape" id=2]
extents = Vector3( 1.20308, 8.7824, 1.29803 )

[sub_resource type="BoxShape" id=3]
extents = Vector3( 4.93072, 4.47474, 0.486949 )

[sub_resource type="BoxShape" id=4]
extents = Vector3( 6.76908, 27.0624, 16.193 )

[sub_resource type="BoxShape" id=5]
extents = Vector3( 3.64772, 20.2825, 8.06083 )

[sub_resource type="BoxShape" id=6]
extents = Vector3( 0.788768, 0.475743, 4.23065 )

[sub_resource type="BoxShape" id=7]
extents = Vector3( 3.64772, 3.36246, 0.876195 )

[sub_resource type="BoxShape" id=8]
extents = Vector3( 0.791452, 3.09869, 1.30575 )

[sub_resource type="BoxShape" id=9]
extents = Vector3( 2.71118, 0.758888, 7.61896 )

[node name="DA_Skyscraper" type="StaticBody"]
collision_layer = 11
collision_mask = 0
physics_material_override = ExtResource( 6 )

[node name="MeshInstance" type="MeshInstance" parent="."]
transform = Transform( 1.5, 0, 0, 0, 1.5, 0, 0, 0, 1.5, 0, 1.27456, 0 )
layers = 3
use_in_baked_light = true
mesh = ExtResource( 7 )
material/0 = ExtResource( 2 )
material/1 = ExtResource( 4 )
material/2 = ExtResource( 5 )
material/3 = ExtResource( 5 )
material/4 = ExtResource( 2 )
material/5 = ExtResource( 4 )
material/6 = ExtResource( 1 )
material/7 = ExtResource( 5 )
material/8 = ExtResource( 4 )
material/9 = ExtResource( 2 )
material/10 = ExtResource( 4 )
material/11 = ExtResource( 2 )
material/12 = ExtResource( 8 )
material/13 = ExtResource( 3 )
material/14 = ExtResource( 9 )

[node name="CollisionShape" type="CollisionShape" parent="."]
transform = Transform( 1, 0, 0, 0, 1, 0, 0, 0, 1, 0, -21.8734, 39.1303 )
visible = false
shape = SubResource( 1 )

[node name="CollisionShape2" type="CollisionShape" parent="."]
transform = Transform( 1, 0, 0, 0, 1, 0, 0, 0, 1, 0, 18.2062, 39.1303 )
visible = false
shape = SubResource( 2 )

[node name="CollisionShape3" type="CollisionShape" parent="."]
transform = Transform( 1, 0, 0, 0, 0.959918, 0.280281, 0, -0.280281, 0.959918, 0, 14.0209, 43.2321 )
visible = false
shape = SubResource( 3 )

[node name="CollisionShape4" type="CollisionShape" parent="."]
transform = Transform( 1, 0, 0, 0, 0.965277, -0.261229, 0, 0.261229, 0.965277, 0, 14.0209, 34.9851 )
visible = false
shape = SubResource( 3 )

[node name="CollisionShape5" type="CollisionShape" parent="."]
transform = Transform( 1, 0, 0, 0, 1, 0, 0, 0, 1, 0, -21.8734, -39.138 )
visible = false
shape = SubResource( 1 )

[node name="CollisionShape6" type="CollisionShape" parent="."]
transform = Transform( 1, 0, 0, 0, 1, 0, 0, 0, 1, 0, 18.2062, -39.138 )
visible = false
shape = SubResource( 2 )

[node name="CollisionShape7" type="CollisionShape" parent="."]
transform = Transform( 1, 0, 0, 0, 0.959918, 0.280281, 0, -0.280281, 0.959918, 0, 14.0209, -35.0361 )
visible = false
shape = SubResource( 3 )

[node name="CollisionShape8" type="CollisionShape" parent="."]
transform = Transform( 1, 0, 0, 0, 0.965277, -0.261229, 0, 0.261229, 0.965277, 0, 14.0209, -43.2831 )
visible = false
shape = SubResource( 3 )

[node name="CollisionShape9" type="CollisionShape" parent="."]
transform = Transform( 1, 0, 0, 0, 1, 0, 0, 0, 1, 0, -24.787, 0 )
visible = false
shape = SubResource( 4 )

[node name="CollisionShape10" type="CollisionShape" parent="."]
transform = Transform( 1, 0, 0, 0, 1, 0, 0, 0, 1, 0, 30.7792, 0 )
visible = false
shape = SubResource( 5 )

[node name="CollisionShape16" type="CollisionShape" parent="."]
transform = Transform( 1, 0, 0, 0, 1, 0, 0, 0, 1, 4.50863, 10.2145, 0 )
visible = false
shape = SubResource( 6 )

[node name="CollisionShape13" type="CollisionShape" parent="."]
transform = Transform( 1, 0, 0, 0, 1, 0, 0, 0, 1, 0, 7.30235, 0 )
visible = false
shape = SubResource( 7 )

[node name="CollisionShape14" type="CollisionShape" parent="."]
transform = Transform( 1, 0, 0, 0, 0.931742, -0.363121, 0, 0.363121, 0.931742, 4.47709, 7.30235, -4.0443 )
visible = false
shape = SubResource( 8 )

[node name="CollisionShape15" type="CollisionShape" parent="."]
transform = Transform( 1, 0, 0, 0, 0.931742, 0.363121, 0, -0.363121, 0.931742, 4.47709, 7.30235, 4.03849 )
visible = false
shape = SubResource( 8 )

[node name="CollisionShape11" type="CollisionShape" parent="."]
transform = Transform( 1, 0, 0, 0, 1, 0, 0, 0, 1, 0.0510063, 1.89548, 23.9991 )
visible = false
shape = SubResource( 9 )

[node name="CollisionShape12" type="CollisionShape" parent="."]
transform = Transform( 1, 0, 0, 0, 1, 0, 0, 0, 1, 0.0510063, 1.89548, -24.4355 )
visible = false
shape = SubResource( 9 )
